00;00;25;10 - 00;00;29;25
V20, 1
人格ごと…全員メッタ斬り

00;00;57;23 - 00;01;02;19
V20, 1
33歳涙のわけ

00;01;03;07 - 00;01;07;02
V20, 1
ようこそ…どん底の世界へ。

00;01;14;09 - 00;01;17;10
V20, 1
嵐が過ぎ去った店内。

00;01;17;10 - 00;01;23;29
V20, 1
ROLANDが大阪に立ち上げたばかりのお店で一体何が起きたのか

00;01;23;29 - 00;01;32;28
V20, 1
初の売上順位が発表されたばかり。勝者たちには、安堵のひととき…だが

00;01;57;07 - 00;02;03;04
V20, 1
新型のヒモという持論に…嫌な予感。

00;02;03;04 - 00;02;08;28
V20, 1
新型ヒモ・はるとを簡単に振り返ると…

00;02;36;22 - 00;02;45;27
V20, 1
そういってのけたハルトはオーディションに合格ヒモニート生活から約１年ぶりに脱却。

00;02;57;12 - 00;03;05;01
V20, 1
序盤から、ひと月400万円を売っていた元ホストの力を見せつけるのだが

00;03;13;06 - 00;03;16;16
V20, 1
結果は７位と振るわず。

00;03;16;16 - 00;03;23;12
V20, 1
この日、きていたのはハルトのホスト復帰を祝福しにきた昔の太客。

00;03;23;12 - 00;03;28;20
V20, 1
あろうことかハルトは悔しさからか禁断の言葉を口にしてしまう。

00;03;40;00 - 00;03;43;28
V20, 1
七位にも…お金がかかる。

00;04;18;01 - 00;04;23;23
V20, 1
シンヒモ特有の、極めて軽い「寄り添い感」に…

00;04;23;23 - 00;04;29;03
V20, 1
とんでもない修羅場がカメラに記録されていた。

00;05;38;05 - 00;05;46;01
V20, 1
大金の見返りは何なのか？真剣な問いに対し、シンヒモ晴人は

00;06;13;15 - 00;06;21;26
V20, 1
今度は存在意義を問われたシンヒモ晴人。激ギレがおさまらない女性客に対し…

00;06;21;26 - 00;06;28;05
V20, 1
ひたすら「プチ寄り添い感」で対抗するが……果たして通用するのか？

00;07;13;24 - 00;07;21;19
V20, 1
なんと、逆に女性客が謝罪…プチ寄り添い感…恐るべし。

00;07;47;09 - 00;07;53;27
V20, 1
どうやらシン型のヒモに癒されるお客もいるようだ。

00;07;53;27 - 00;07;59;00
V20, 1
一方で、さらに事件が起きる

00;08;11;10 - 00;08;17;22
V20, 1
VIPルームにはグラサンでオレンジを貪り食うコンティ。

00;08;37;03 - 00;08;46;26
V20, 1
即座に耳が遠いフリをして時間を稼ぎ言い訳のスタンバイをする高度テク。もちろん、通用しない。

00;08;59;01 - 00;09;06;06
V20, 1
もちろん、そんなルールはない。実はホストクラブには厳格な服装規定がある。

00;09;06;17 - 00;09;11;01
V20, 1
東京の新人ホストにご注目。

00;09;23;17 - 00;09;34;01
V20, 1
売上の低い者は、スーツ着用がマスト。私服はおろか、帽子やサングラスはご法度なのだ。

00;10;03;16 - 00;10;08;28
V20, 1
どうも理解してなさそうな雰囲気のコンティ…見ている方が不安になる。

00;11;10;19 - 00;11;18;12
V20, 1
いろいろあった1日に…コンティは揺れていた。

00;11;42;00 - 00;11;47;20
V20, 1
涙だけは…見せられない。…これでも…プロなのだ。

00;12;05;15 - 00;12;16;21
V20, 1
6歳年下ナンバーワンの席で毅然に振る舞う3３歳。心中はボロボロだった。

00;12;16;21 - 00;12;21;04
V20, 1
その様子に真っ先に気づいたのは意外にも…

00;12;39;02 - 00;12;51;27
V20, 1
おしぼりくんと囁かれ、人知れず涙したこともある大先輩にも…その理由がわからない。コンティは憔悴しきったまま…終礼へ。

00;13;13;18 - 00;13;19;09
V20, 1
コンティは…必死に涙をこらえていた

00;13;30;09 - 00;13;35;22
V20, 1
思いが…溢れた。

00;13;35;22 - 00;13;40;14
V20, 1
大阪の店長も、危険な状況を察知した。

00;14;16;06 - 00;14;24;28
V20, 1
話を整理すると。コンティは元上司をお客さんとしてよび25万円相当のシャンパンをおろした。

00;14;24;28 - 00;14;30;14
V20, 1
飲食店をやめ、33歳で飛び込んだ夜の世界。

00;14;30;14 - 00;14;38;24
V20, 1
有名になりたい！お金を稼ぎたい！そんな思いでいっぱいだった。そんな中迎えた初めての締日。

00;14;38;24 - 00;14;55;06
V20, 1
新人のコンティにもチャンスがあった。順位発表を心待ちにしていたさなか内勤スタッフに「No.１０入りまであと1万円足りない」と言われたという。

00;15;07;00 - 00;15;17;14
V20, 1
本来、発表前にホストに順位を伝えるのは御法度。コンティの涙の正体は、舐められた悔しさだった。さらに

00;16;55;25 - 00;17;00;22
V20, 1
負けるな、コンティー

